0.000000000000000000e+00 0.000000000000000000e+00 0.000000000000000000e+00 1.000000000000000000e+00
3.333333333333333222e-04 0.000000000000000000e+00 0.000000000000000000e+00 0.000000000000000000e+00
6.666666666666666444e-04 0.000000000000000000e+00 0.000000000000000000e+00 0.000000000000000000e+00
1.000000000000000021e-03 0.000000000000000000e+00 0.000000000000000000e+00 0.000000000000000000e+00
1.333333333333333289e-03 0.000000000000000000e+00 0.000000000000000000e+00 0.000000000000000000e+00
1.666666666666666557e-03 0.000000000000000000e+00 0.000000000000000000e+00 0.000000000000000000e+00
2.000000000000000042e-03 0.000000000000000000e+00 0.000000000000000000e+00 0.000000000000000000e+00
2.333333333333333093e-03 0.000000000000000000e+00 0.000000000000000000e+00 0.000000000000000000e+00
2.666666666666666578e-03 0.000000000000000000e+00 0.000000000000000000e+00 0.000000000000000000e+00
3.000000000000000062e-03 0.000000000000000000e+00 0.000000000000000000e+00 0.000000000000000000e+00
3.333333333333333114e-03 0.000000000000000000e+00 0.000000000000000000e+00 0.000000000000000000e+00
3.666666666666666598e-03 0.000000000000000000e+00 0.000000000000000000e+00 0.000000000000000000e+00
4.000000000000000083e-03 0.000000000000000000e+00 0.000000000000000000e+00 0.000000000000000000e+00
4.333333333333333134e-03 0.000000000000000000e+00 0.000000000000000000e+00 0.000000000000000000e+00
4.666666666666666186e-03 0.000000000000000000e+00 0.000000000000000000e+00 0.000000000000000000e+00
5.000000000000000104e-03 0.000000000000000000e+00 0.000000000000000000e+00 0.000000000000000000e+00
5.333333333333333155e-03 0.000000000000000000e+00 0.000000000000000000e+00 0.000000000000000000e+00
5.666666666666666206e-03 0.000000000000000000e+00 0.000000000000000000e+00 1.000000000000000000e+00
6.000000000000000125e-03 0.000000000000000000e+00 0.000000000000000000e+00 0.000000000000000000e+00
6.333333333333333176e-03 0.000000000000000000e+00 0.000000000000000000e+00 3.000000000000000000e+00
6.666666666666666227e-03 0.000000000000000000e+00 0.000000000000000000e+00 3.500000000000000000e+01
7.000000000000000146e-03 0.000000000000000000e+00 0.000000000000000000e+00 1.210000000000000000e+02
7.333333333333333197e-03 0.000000000000000000e+00 0.000000000000000000e+00 3.770000000000000000e+02
7.666666666666666248e-03 0.000000000000000000e+00 0.000000000000000000e+00 8.800000000000000000e+02
8.000000000000000167e-03 0.000000000000000000e+00 0.000000000000000000e+00 1.709000000000000000e+03
8.333333333333333218e-03 0.000000000000000000e+00 0.000000000000000000e+00 2.713000000000000000e+03
8.666666666666666269e-03 0.000000000000000000e+00 0.000000000000000000e+00 4.064000000000000000e+03
8.999999999999999320e-03 0.000000000000000000e+00 0.000000000000000000e+00 5.122000000000000000e+03
9.333333333333332371e-03 0.000000000000000000e+00 0.000000000000000000e+00 6.188000000000000000e+03
9.666666666666667157e-03 0.000000000000000000e+00 0.000000000000000000e+00 6.801000000000000000e+03
1.000000000000000021e-02 0.000000000000000000e+00 0.000000000000000000e+00 6.995000000000000000e+03
1.033333333333333326e-02 0.000000000000000000e+00 0.000000000000000000e+00 6.915000000000000000e+03
1.066666666666666631e-02 0.000000000000000000e+00 1.000000000000000000e+00 6.514000000000000000e+03
1.099999999999999936e-02 0.000000000000000000e+00 6.000000000000000000e+00 6.175000000000000000e+03
1.133333333333333241e-02 0.000000000000000000e+00 2.500000000000000000e+01 5.575000000000000000e+03
1.166666666666666546e-02 0.000000000000000000e+00 1.100000000000000000e+02 5.141000000000000000e+03
1.200000000000000025e-02 0.000000000000000000e+00 4.070000000000000000e+02 4.526000000000000000e+03
1.233333333333333330e-02 0.000000000000000000e+00 1.203000000000000000e+03 4.012000000000000000e+03
1.266666666666666635e-02 0.000000000000000000e+00 3.135000000000000000e+03 3.485000000000000000e+03
1.299999999999999940e-02 0.000000000000000000e+00 6.648000000000000000e+03 2.941000000000000000e+03
1.333333333333333245e-02 0.000000000000000000e+00 1.069900000000000000e+04 2.500000000000000000e+03
1.366666666666666551e-02 0.000000000000000000e+00 1.514300000000000000e+04 2.175000000000000000e+03
1.400000000000000029e-02 0.000000000000000000e+00 1.657000000000000000e+04 1.901000000000000000e+03
1.433333333333333334e-02 0.000000000000000000e+00 1.599000000000000000e+04 1.659000000000000000e+03
1.466666666666666639e-02 0.000000000000000000e+00 1.259900000000000000e+04 1.344000000000000000e+03
1.499999999999999944e-02 2.000000000000000000e+00 8.702000000000000000e+03 1.287000000000000000e+03
1.533333333333333250e-02 9.000000000000000000e+00 4.860000000000000000e+03 1.048000000000000000e+03
1.566666666666666555e-02 3.900000000000000000e+01 2.362000000000000000e+03 8.830000000000000000e+02
1.600000000000000033e-02 1.230000000000000000e+02 9.880000000000000000e+02 7.620000000000000000e+02
1.633333333333333165e-02 2.850000000000000000e+02 3.860000000000000000e+02 7.430000000000000000e+02
1.666666666666666644e-02 6.640000000000000000e+02 1.180000000000000000e+02 5.570000000000000000e+02
1.699999999999999775e-02 1.328000000000000000e+03 3.700000000000000000e+01 5.270000000000000000e+02
1.733333333333333254e-02 2.278000000000000000e+03 9.000000000000000000e+00 4.790000000000000000e+02
1.766666666666666732e-02 3.900000000000000000e+03 1.000000000000000000e+00 4.080000000000000000e+02
1.799999999999999864e-02 5.743000000000000000e+03 0.000000000000000000e+00 3.330000000000000000e+02
1.833333333333333343e-02 7.686000000000000000e+03 0.000000000000000000e+00 2.810000000000000000e+02
1.866666666666666474e-02 9.474000000000000000e+03 0.000000000000000000e+00 2.680000000000000000e+02
1.899999999999999953e-02 1.096100000000000000e+04 0.000000000000000000e+00 2.410000000000000000e+02
1.933333333333333431e-02 1.138100000000000000e+04 0.000000000000000000e+00 2.060000000000000000e+02
1.966666666666666563e-02 1.098500000000000000e+04 1.000000000000000000e+00 1.890000000000000000e+02
2.000000000000000042e-02 9.683000000000000000e+03 0.000000000000000000e+00 1.760000000000000000e+02
2.033333333333333173e-02 7.914000000000000000e+03 0.000000000000000000e+00 1.690000000000000000e+02
2.066666666666666652e-02 6.100000000000000000e+03 0.000000000000000000e+00 1.410000000000000000e+02
2.099999999999999784e-02 4.408000000000000000e+03 0.000000000000000000e+00 1.160000000000000000e+02
2.133333333333333262e-02 2.939000000000000000e+03 0.000000000000000000e+00 9.000000000000000000e+01
2.166666666666666741e-02 1.865000000000000000e+03 0.000000000000000000e+00 9.800000000000000000e+01
2.199999999999999872e-02 1.069000000000000000e+03 0.000000000000000000e+00 7.700000000000000000e+01
2.233333333333333351e-02 5.830000000000000000e+02 0.000000000000000000e+00 7.400000000000000000e+01
2.266666666666666483e-02 3.360000000000000000e+02 0.000000000000000000e+00 5.000000000000000000e+01
2.299999999999999961e-02 1.290000000000000000e+02 0.000000000000000000e+00 5.300000000000000000e+01
2.333333333333333093e-02 7.100000000000000000e+01 0.000000000000000000e+00 5.000000000000000000e+01
2.366666666666666571e-02 3.100000000000000000e+01 0.000000000000000000e+00 4.900000000000000000e+01
2.400000000000000050e-02 8.000000000000000000e+00 0.000000000000000000e+00 6.000000000000000000e+01
2.433333333333333182e-02 4.000000000000000000e+00 0.000000000000000000e+00 4.300000000000000000e+01
2.466666666666666660e-02 0.000000000000000000e+00 0.000000000000000000e+00 3.700000000000000000e+01
2.499999999999999792e-02 1.000000000000000000e+00 0.000000000000000000e+00 4.900000000000000000e+01
2.533333333333333270e-02 0.000000000000000000e+00 0.000000000000000000e+00 2.700000000000000000e+01
2.566666666666666749e-02 0.000000000000000000e+00 0.000000000000000000e+00 3.900000000000000000e+01
2.599999999999999881e-02 0.000000000000000000e+00 0.000000000000000000e+00 3.300000000000000000e+01
2.633333333333333359e-02 1.000000000000000000e+00 0.000000000000000000e+00 2.800000000000000000e+01
2.666666666666666491e-02 0.000000000000000000e+00 0.000000000000000000e+00 1.600000000000000000e+01
2.699999999999999969e-02 0.000000000000000000e+00 0.000000000000000000e+00 2.100000000000000000e+01
2.733333333333333101e-02 0.000000000000000000e+00 0.000000000000000000e+00 2.300000000000000000e+01
2.766666666666666580e-02 0.000000000000000000e+00 0.000000000000000000e+00 1.900000000000000000e+01
2.800000000000000058e-02 0.000000000000000000e+00 0.000000000000000000e+00 1.700000000000000000e+01
2.833333333333333190e-02 0.000000000000000000e+00 0.000000000000000000e+00 1.600000000000000000e+01
2.866666666666666669e-02 0.000000000000000000e+00 0.000000000000000000e+00 1.700000000000000000e+01
2.899999999999999800e-02 0.000000000000000000e+00 0.000000000000000000e+00 1.200000000000000000e+01
2.933333333333333279e-02 0.000000000000000000e+00 0.000000000000000000e+00 1.700000000000000000e+01
2.966666666666666410e-02 0.000000000000000000e+00 0.000000000000000000e+00 8.000000000000000000e+00
